(255, 255, 255) 285406
(251, 251, 251) 77
(181, 181, 181) 25
(199, 199, 199) 28
(250, 250, 250) 66
(210, 210, 210) 21
(192, 192, 192) 35
(174, 174, 174) 20
(155, 155, 155) 22
(200, 200, 200) 24
(239, 239, 239) 44
(232, 232, 232) 69
(237, 237, 237) 66
(247, 247, 247) 33
(225, 225, 225) 57
(163, 163, 163) 29
(51, 51, 51) 75
(248, 248, 248) 67
(125, 125, 125) 19
(110, 110, 110) 17
(146, 146, 146) 10
(203, 203, 203) 28
(227, 227, 227) 50
(96, 96, 96) 16
(90, 90, 90) 11
(190, 190, 190) 34
(214, 214, 214) 43
(224, 224, 224) 69
(253, 253, 253) 88
(21, 21, 21) 21
(223, 223, 223) 52
(152, 152, 152) 36
(229, 229, 229) 57
(138, 138, 138) 13
(242, 242, 242) 47
(186, 186, 186) 41
(194, 194, 194) 32
(234, 234, 234) 48
(139, 139, 139) 15
(195, 195, 195) 30
(218, 218, 218) 30
(197, 197, 197) 21
(215, 215, 215) 45
(124, 124, 124) 21
(151, 151, 151) 26
(149, 149, 149) 23
(196, 196, 196) 28
(150, 150, 150) 44
(148, 148, 148) 12
(172, 172, 172) 21
(144, 144, 144) 20
(105, 105, 105) 13
(74, 74, 74) 14
(233, 233, 233) 56
(219, 219, 219) 39
(145, 145, 145) 27
(205, 205, 205) 32
(178, 178, 178) 26
(61, 61, 61) 12
(158, 158, 158) 19
(249, 249, 249) 50
(153, 153, 153) 22
(147, 147, 147) 11
(127, 127, 127) 151
(117, 117, 117) 16
(55, 55, 55) 24
(1, 1, 1) 124
(0, 0, 0) 87028
(44, 44, 44) 11
(137, 137, 137) 95
(162, 162, 162) 43
(86, 86, 86) 12
(171, 171, 171) 27
(208, 208, 208) 36
(164, 164, 164) 28
(231, 231, 231) 61
(107, 107, 107) 14
(254, 254, 254) 250
(119, 119, 119) 18
(204, 204, 204) 188
(252, 252, 252) 103
(140, 140, 140) 11
(23, 23, 23) 19
(12, 12, 12) 20
(71, 71, 71) 16
(116, 116, 116) 13
(166, 166, 166) 20
(207, 207, 207) 55
(228, 228, 228) 55
(26, 26, 26) 14
(16, 16, 16) 42
(222, 222, 222) 32
(15, 15, 15) 20
(14, 14, 14) 37
(8, 8, 8) 20
(78, 78, 78) 13
(99, 99, 99) 22
(161, 161, 161) 36
(182, 182, 182) 35
(202, 202, 202) 46
(240, 240, 240) 49
(42, 42, 42) 19
(13, 13, 13) 59
(34, 34, 34) 106
(241, 241, 241) 56
(193, 193, 193) 33
(245, 245, 245) 48
(221, 221, 221) 147
(30, 30, 30) 30
(40, 40, 40) 12
(106, 106, 106) 10
(89, 89, 89) 12
(72, 72, 72) 21
(56, 56, 56) 19
(39, 39, 39) 10
(22, 22, 22) 19
(60, 60, 60) 14
(165, 165, 165) 28
(25, 25, 25) 29
(4, 4, 4) 39
(217, 217, 217) 33
(156, 156, 156) 16
(20, 20, 20) 21
(212, 212, 212) 38
(188, 188, 188) 39
(85, 85, 85) 507
(5, 5, 5) 39
(154, 154, 154) 17
(67, 67, 67) 10
(175, 175, 175) 25
(157, 157, 157) 18
(160, 160, 160) 11
(80, 80, 80) 14
(9, 9, 9) 23
(130, 130, 130) 17
(213, 213, 213) 43
(131, 131, 131) 14
(104, 104, 104) 30
(62, 62, 62) 11
(226, 226, 226) 56
(41, 41, 41) 13
(6, 6, 6) 32
(238, 238, 238) 44
(198, 198, 198) 35
(2, 2, 2) 29
(191, 191, 191) 25
(92, 92, 92) 13
(230, 230, 230) 54
(79, 79, 79) 16
(11, 11, 11) 68
(244, 244, 244) 55
(113, 113, 113) 18
(24, 24, 24) 14
(159, 159, 159) 23
(100, 100, 100) 20
(143, 143, 143) 17
(177, 177, 177) 22
(58, 58, 58) 14
(235, 235, 235) 65
(220, 220, 220) 48
(19, 19, 19) 16
(47, 47, 47) 13
(243, 243, 243) 49
(33, 33, 33) 12
(27, 27, 27) 22
(122, 122, 122) 26
(54, 54, 54) 13
(91, 91, 91) 17
(7, 7, 7) 25
(3, 3, 3) 38
(68, 68, 68) 30
(133, 133, 133) 11
(142, 142, 142) 15
(65, 65, 65) 21
(29, 29, 29) 21
(84, 84, 84) 375
(187, 187, 187) 41
(28, 28, 28) 18
(189, 189, 189) 27
(82, 82, 82) 14
(59, 59, 59) 17
(31, 31, 31) 22
(35, 35, 35) 28
(63, 63, 63) 18
(36, 36, 36) 12
(76, 76, 76) 19
(185, 185, 185) 14
(167, 167, 167) 24
(57, 57, 57) 11
(32, 32, 32) 24
(236, 236, 236) 69
(183, 183, 183) 28
(52, 52, 52) 18
(206, 206, 206) 33
(93, 93, 93) 18
(173, 173, 173) 29
(180, 180, 180) 29
(179, 179, 179) 16
(102, 102, 102) 42
(184, 184, 184) 28
(246, 246, 246) 53
(170, 170, 170) 23
(134, 134, 134) 12
(98, 98, 98) 15
(211, 211, 211) 61
(176, 176, 176) 16
(17, 17, 17) 21
(168, 168, 168) 17
(126, 126, 126) 14
(128, 128, 128) 94
(201, 201, 201) 22
(209, 209, 209) 22
(169, 169, 169) 23
(75, 75, 75) 12
(70, 70, 70) 28
(66, 66, 66) 18
(136, 136, 136) 35
(43, 43, 43) 11
(53, 53, 53) 16
(46, 46, 46) 10
(216, 216, 216) 35
(45, 45, 45) 31
(114, 114, 114) 10
(37, 37, 37) 14
(50, 50, 50) 19
(132, 132, 132) 15
(18, 18, 18) 11
(10, 10, 10) 12
(108, 108, 108) 15
(83, 83, 83) 15
(135, 135, 135) 10
(101, 101, 101) 14
(94, 94, 94) 10
(211, 32, 17) 1484
(211, 33, 18) 19
(221, 81, 69) 11
(235, 156, 149) 16
(221, 84, 73) 13
(223, 94, 82) 11
(217, 61, 48) 13
(214, 48, 34) 13
(212, 38, 24) 13
(233, 142, 134) 10
(232, 137, 128) 15
(226, 110, 99) 15
(228, 117, 107) 10
(238, 167, 160) 12
(223, 91, 79) 35
(222, 87, 76) 18
(230, 131, 121) 10
(228, 118, 107) 15
(231, 135, 126) 11
(231, 133, 123) 11
(212, 39, 24) 14
(224, 96, 84) 10
(225, 102, 91) 11
(226, 106, 95) 68
(225, 103, 92) 13
(228, 119, 108) 15
(232, 139, 130) 16
(224, 99, 88) 11
(230, 128, 119) 17
(211, 34, 19) 12
(224, 98, 87) 14
(237, 165, 158) 15
(255, 255, 253) 70
(222, 86, 75) 22
(227, 113, 103) 10
(214, 46, 32) 11
(214, 47, 33) 25
(225, 105, 93) 11
(230, 126, 117) 11
(235, 154, 147) 11
(217, 63, 50) 10
(229, 126, 116) 12
(255, 254, 252) 42
(254, 252, 250) 10
(239, 172, 165) 13
(224, 97, 85) 10
(212, 35, 20) 13
(238, 168, 161) 10
(238, 171, 164) 17
(227, 112, 101) 10
(220, 80, 68) 10
(223, 95, 83) 12
(231, 134, 125) 13
(225, 104, 93) 12
(222, 89, 77) 11
(232, 136, 127) 16
(237, 163, 156) 10
(214, 49, 36) 15
(230, 129, 120) 10
(220, 77, 65) 41
(214, 45, 31) 13
(229, 121, 111) 33
(229, 125, 115) 10
(222, 85, 74) 10
(0, 122, 54) 2870
(255, 0, 0) 49623
(217, 0, 0) 2860
(253, 0, 0) 13
(186, 0, 0) 18
(252, 0, 0) 11
(245, 0, 0) 14
(81, 0, 0) 18
(7, 0, 0) 11
(25, 0, 0) 10
(254, 0, 0) 7214
(218, 0, 0) 2314
(9, 0, 0) 10
(1, 0, 0) 32
(179, 0, 0) 10
(222, 0, 0) 5181
(2, 0, 0) 40
(187, 0, 0) 2709
(153, 0, 0) 14
(193, 0, 0) 5930
(120, 0, 0) 11
(6, 0, 0) 14
(151, 0, 0) 170
(65, 0, 0) 13
(5, 0, 0) 17
(204, 0, 0) 4082
(223, 0, 0) 2402
(0, 102, 51) 4363
(210, 16, 52) 22954
(209, 16, 52) 10
(251, 233, 237) 36
(254, 250, 251) 25
(255, 253, 253) 75
(254, 251, 252) 14
(250, 230, 234) 36
(214, 35, 68) 35
(254, 248, 249) 17
(247, 212, 218) 12
(213, 31, 65) 35
(254, 249, 250) 32
(216, 48, 79) 19
(255, 254, 254) 107
(16, 6, 159) 3192
(158, 135, 64) 84
(254, 221, 0) 8002
(187, 156, 108) 14
(188, 157, 109) 12
(179, 146, 101) 14
(198, 170, 118) 15
(213, 43, 30) 10380
(221, 77, 24) 10
(254, 234, 146) 21
(218, 186, 50) 14
(206, 174, 79) 16
(237, 133, 20) 84
(213, 0, 50) 3560
(204, 9, 47) 6963
(3, 2, 0) 57
(255, 203, 0) 229
(4, 3, 0) 17
(2, 2, 0) 29
(1, 1, 0) 28
(7, 6, 0) 16
(9, 7, 0) 34
(206, 17, 38) 80848
(35, 3, 6) 17
(172, 14, 32) 17
(9, 1, 2) 44
(128, 11, 24) 21
(78, 6, 14) 20
(197, 16, 36) 45
(0, 80, 138) 20
(0, 114, 198) 4056
(76, 143, 145) 48
(208, 27, 47) 16
(77, 157, 215) 46
(247, 215, 218) 17
(214, 56, 74) 18
(253, 245, 246) 29
(224, 107, 120) 16
(237, 165, 173) 16
(252, 209, 22) 31250
(16, 13, 1) 40
(225, 187, 20) 34
(251, 208, 22) 19
(151, 125, 13) 37
(10, 8, 1) 11
(218, 181, 19) 21
(5, 4, 0) 11
(168, 139, 15) 36
(229, 190, 20) 36
(20, 16, 2) 35
(116, 172, 223) 6000
(246, 180, 14) 18
(253, 252, 251) 14
(217, 0, 18) 4380
(0, 51, 160) 4380
(242, 168, 0) 4380
(234, 59, 92) 16
(228, 0, 43) 3428
(154, 167, 196) 73
(1, 33, 105) 17626
(248, 187, 198) 16
(230, 18, 58) 21
(31, 59, 123) 158
(250, 251, 252) 135
(242, 136, 156) 15
(145, 159, 190) 158
(249, 195, 205) 16
(247, 237, 241) 13
(248, 249, 251) 106
(235, 68, 100) 16
(229, 13, 54) 15
(162, 174, 200) 159
(241, 119, 142) 15
(37, 64, 126) 162
(248, 235, 239) 15
(33, 61, 124) 50
(170, 181, 205) 10
(2, 34, 106) 31
(34, 62, 124) 12
(3, 35, 106) 22
(4, 36, 107) 19
(95, 115, 160) 10
(249, 250, 251) 15
(221, 225, 235) 12
(6, 37, 108) 15
(241, 243, 247) 10
(9, 40, 110) 17
(239, 241, 246) 11
(200, 16, 46) 24845
(218, 96, 116) 244
(0, 181, 226) 2400
(239, 51, 64) 8569
(80, 158, 47) 2400
(254, 245, 246) 17
(254, 246, 247) 15
(254, 243, 244) 15
(253, 232, 233) 10
(0, 119, 139) 4056
(9, 7, 2) 22
(255, 199, 44) 2127
(93, 73, 16) 20
(210, 164, 36) 19
(249, 219, 217) 16
(240, 169, 164) 18
(253, 244, 243) 18
(235, 141, 134) 16
(248, 212, 210) 18
(220, 52, 40) 18
(254, 247, 247) 30
(225, 84, 73) 18
(220, 55, 43) 16
(233, 127, 119) 18
(218, 41, 28) 13948
(243, 184, 179) 16
(228, 98, 89) 14
(0, 106, 78) 10536
(244, 42, 65) 1701
(0, 38, 127) 6400
(255, 199, 38) 2688
(242, 189, 36) 48
(213, 57, 64) 20
(224, 108, 113) 24
(220, 90, 97) 12
(206, 23, 32) 4395
(207, 28, 37) 10
(253, 245, 245) 16
(208, 31, 40) 10
(227, 124, 129) 11
(254, 249, 249) 29
(253, 248, 248) 16
(254, 251, 251) 22
(254, 250, 250) 19
(254, 252, 252) 21
(0, 124, 48) 2120
(253, 218, 37) 4160
(217, 15, 25) 1680
(61, 21, 126) 240
(23, 22, 150) 5268
(250, 250, 253) 17
(253, 254, 253) 29
(254, 253, 253) 12
(254, 254, 255) 28
(0, 135, 81) 8640
(232, 17, 45) 2880
(255, 205, 0) 10063
(255, 171, 10) 15
(255, 196, 3) 16
(255, 112, 28) 15
(255, 137, 21) 15
(255, 103, 31) 3649
(253, 253, 252) 11
(254, 204, 0) 36
(253, 203, 0) 34
(231, 231, 230) 11
(237, 165, 10) 120
(249, 227, 0) 3120
(167, 192, 17) 120
(0, 121, 52) 3240
(0, 35, 149) 4818
(1, 36, 149) 20
(225, 229, 243) 12
(238, 240, 248) 16
(6, 40, 151) 20
(227, 231, 243) 12
(251, 252, 253) 23
(3, 37, 147) 59
(166, 145, 51) 59
(119, 138, 198) 16
(254, 203, 0) 7962
(203, 169, 30) 59
(109, 169, 210) 7200
(247, 224, 23) 3763
(254, 252, 232) 10
(255, 254, 250) 35
(207, 17, 38) 107
(4, 0, 1) 13
(170, 14, 31) 36
(17, 1, 3) 11
(206, 18, 38) 12
(124, 10, 23) 38
(32, 3, 6) 51
(69, 6, 13) 135
(137, 11, 25) 43
(103, 9, 19) 10
(151, 12, 28) 24
(158, 13, 29) 24
(183, 15, 34) 26
(0, 150, 110) 2880
(214, 38, 18) 2880
(239, 43, 45) 4650
(0, 158, 73) 11260
(241, 65, 42) 17
(252, 208, 22) 13
(230, 244, 227) 24
(71, 178, 47) 16
(67, 176, 42) 4556
(149, 210, 135) 16
(247, 252, 246) 16
(88, 185, 65) 16
(186, 226, 177) 17
(117, 197, 99) 16
(226, 243, 222) 14
(248, 223, 227) 33
(217, 88, 109) 14
(240, 191, 199) 90
(209, 53, 79) 11
(249, 229, 232) 11
(253, 247, 248) 21
(228, 136, 151) 16
(202, 24, 53) 12
(239, 184, 193) 14
(207, 48, 74) 15
(248, 252, 247) 20
(254, 255, 254) 23
(229, 143, 157) 76
(213, 71, 94) 83
(204, 33, 61) 103
(218, 93, 113) 33
(228, 139, 153) 27
(205, 36, 63) 79
(226, 128, 144) 80
(244, 207, 213) 15
(215, 80, 102) 83
(123, 200, 105) 16
(199, 231, 192) 16
(92, 187, 70) 16
(161, 216, 149) 16
(73, 178, 49) 16
(3, 46, 161) 4560
(170, 11, 68) 240
(224, 0, 37) 3406
(193, 109, 122) 35
(202, 190, 192) 27
(0, 122, 94) 5387
(218, 68, 34) 24
(208, 23, 38) 14
(209, 30, 36) 17
(250, 203, 22) 20
(228, 107, 30) 25
(250, 201, 23) 16
(208, 24, 38) 10
(253, 243, 242) 15
(255, 253, 252) 11
(0, 56, 147) 12649
(128, 156, 201) 118
(227, 125, 129) 112
(207, 32, 39) 598
(239, 181, 183) 116
(64, 106, 174) 122
(247, 209, 22) 30
(255, 255, 254) 23
(255, 253, 245) 11
(255, 254, 249) 12
(0, 48, 130) 1876
(40, 151, 40) 2000
(255, 206, 0) 4946
(238, 195, 9) 10
(0, 38, 100) 4079
(198, 12, 48) 3200
(0, 57, 166) 1440
(215, 43, 31) 4800
(17, 70, 172) 13
(253, 253, 254) 63
(252, 253, 254) 18
(250, 251, 253) 10
(238, 28, 37) 12805
(250, 194, 10) 14
(255, 255, 0) 2491
(255, 254, 0) 20
(255, 253, 0) 17
(0, 48, 135) 2400
(0, 150, 57) 3715
(255, 209, 0) 3825
(0, 61, 165) 1869
(252, 254, 253) 11
(17, 157, 70) 48
(0, 127, 255) 6991
(1, 127, 254) 24
(247, 214, 24) 992
(234, 154, 27) 48
(206, 16, 33) 1992
(219, 75, 30) 48
(91, 159, 170) 23
(245, 207, 24) 48
(212, 43, 32) 48
(208, 23, 33) 24
(241, 187, 25) 48
(16, 133, 240) 22
(227, 206, 43) 22
(226, 115, 29) 48
(140, 177, 124) 22
(208, 22, 33) 24
(48, 144, 210) 21
(244, 212, 27) 20
(192, 194, 76) 20
(231, 208, 39) 23
(108, 165, 154) 22
(199, 197, 69) 20
(3, 129, 252) 25
(246, 213, 25) 24
(55, 147, 203) 20
(157, 182, 108) 21
(20, 135, 236) 21
(0, 149, 67) 8792
(126, 185, 70) 79
(251, 222, 74) 3120
(234, 124, 64) 80
(218, 26, 53) 9015
(0, 20, 137) 7723
(23, 23, 150) 2318
(0, 147, 221) 25
(255, 161, 161) 16
(255, 132, 132) 12
(255, 130, 130) 12
(255, 223, 223) 19
(255, 155, 155) 10
(255, 204, 204) 18
(255, 153, 153) 10
(255, 151, 151) 17
(203, 21, 21) 1324
(0, 42, 143) 3464
(206, 37, 37) 15
(213, 120, 0) 738
(78, 91, 49) 10
(88, 124, 164) 20
(17, 69, 126) 2320
(83, 53, 93) 20
(231, 236, 242) 20
(33, 81, 135) 20
(34, 65, 118) 20
(198, 24, 34) 20
(160, 181, 203) 20
(149, 36, 59) 20
(215, 20, 26) 3657
(249, 231, 234) 78
(106, 178, 231) 3362
(18, 173, 43) 3362
(251, 253, 254) 10
(254, 255, 255) 21
(242, 177, 179) 14
(255, 252, 252) 36
(253, 254, 255) 13
(4, 106, 56) 4512
(130, 156, 28) 124
(127, 102, 0) 120
(130, 181, 156) 124
(255, 252, 253) 18
(212, 0, 50) 14
(144, 99, 205) 10
(0, 45, 98) 3328
(40, 31, 7) 20
(228, 83, 33) 58
(153, 119, 26) 20
(246, 162, 40) 56
(244, 190, 42) 18
(255, 221, 0) 4396
(3, 78, 162) 1965
(237, 28, 36) 7210
(85, 113, 119) 21
(222, 95, 109) 480
(0, 71, 171) 5280
(84, 132, 199) 240
(255, 251, 237) 11
(255, 254, 248) 10
(0, 153, 0) 16
(0, 115, 206) 1140
(62, 154, 0) 2847
(227, 33, 24) 2847
(126, 187, 84) 99
(236, 107, 101) 99
(212, 18, 43) 29
(212, 15, 62) 30
(174, 59, 43) 29
(174, 48, 103) 30
(131, 106, 42) 29
(130, 86, 150) 30
(88, 153, 42) 29
(86, 124, 198) 30
(65, 143, 222) 1740
(254, 193, 44) 11
(0, 114, 206) 3000
(0, 38, 68) 120
(62, 94, 185) 3600
(255, 217, 0) 1217
(177, 12, 12) 2968
(196, 152, 2) 28
(180, 139, 1) 20
(176, 12, 12) 13
(179, 108, 4) 32
(153, 10, 10) 24
(221, 188, 0) 22
(150, 31, 8) 20
(7, 137, 48) 3898
(252, 221, 9) 1689
(218, 18, 26) 5806
(250, 220, 10) 11
(15, 71, 175) 2128
(110, 131, 109) 16
(236, 211, 20) 21
(197, 186, 47) 12
(94, 121, 120) 16
(241, 196, 203) 40
(98, 181, 229) 4651
(247, 240, 242) 10
(214, 75, 98) 40
(245, 238, 241) 65
(242, 199, 206) 80
(247, 238, 241) 15
(203, 28, 57) 79
(247, 236, 239) 75
(85, 113, 140) 20
(78, 127, 155) 14
(182, 15, 42) 13
(118, 59, 74) 16
(238, 180, 189) 14
(139, 160, 188) 198
(0, 47, 108) 3306
(84, 116, 156) 52
(170, 186, 206) 52
(0, 158, 96) 6800
(58, 117, 196) 3600
(38, 52, 152) 240
(12, 28, 140) 1920
(123, 164, 111) 120
(58, 119, 40) 3120
(255, 230, 230) 20
(255, 247, 247) 20
(255, 73, 73) 24
(255, 113, 113) 16
(255, 189, 189) 16
(255, 212, 212) 12
(255, 224, 224) 16
(255, 111, 111) 12
(255, 186, 186) 12
(255, 248, 248) 11
(221, 80, 32) 118
(84, 141, 49) 118
(0, 107, 63) 3120
(13, 94, 175) 4892
(67, 130, 193) 68
(175, 202, 229) 68
(148, 184, 220) 201
(95, 148, 202) 195
(202, 220, 237) 195
(41, 112, 184) 195
(15, 114, 90) 100
(236, 203, 27) 192
(101, 157, 65) 10
(118, 163, 60) 10
(134, 168, 56) 10
(224, 93, 32) 13
(225, 94, 32) 16
(245, 182, 24) 15
(245, 181, 24) 12
(207, 23, 38) 12
(251, 205, 23) 15
(216, 61, 34) 13
(73, 151, 208) 6000
(253, 254, 254) 16
(0, 148, 96) 3200
(192, 16, 35) 15
(204, 17, 38) 14
(189, 16, 35) 15
(55, 5, 10) 21
(7, 1, 1) 58
(117, 194, 112) 23
(75, 6, 14) 24
(12, 161, 76) 23
(226, 234, 183) 24
(201, 17, 37) 23
(153, 206, 128) 24
(116, 10, 21) 25
(33, 167, 81) 24
(28, 6, 5) 22
(250, 248, 225) 22
(254, 238, 170) 23
(66, 22, 10) 20
(207, 226, 164) 22
(255, 252, 239) 23
(253, 220, 77) 23
(114, 56, 15) 20
(254, 252, 240) 22
(242, 197, 21) 20
(255, 247, 217) 20
(166, 105, 18) 20
(252, 215, 53) 20
(253, 229, 123) 25
(212, 159, 21) 18
(241, 242, 204) 22
(254, 243, 193) 20
(182, 216, 145) 22
(252, 212, 38) 22
(78, 181, 97) 22
(253, 224, 100) 22
(252, 210, 25) 19
(0, 32, 159) 4085
(97, 117, 196) 18
(227, 107, 129) 14
(79, 101, 189) 22
(149, 95, 84) 22
(0, 188, 228) 4820
(206, 41, 57) 2400
(71, 112, 80) 2400
(2, 82, 156) 6600
(143, 178, 211) 200
(228, 79, 97) 220
(220, 30, 53) 1662
(104, 152, 196) 66
(234, 119, 133) 76
(205, 221, 236) 66
(35, 159, 64) 2288
(154, 211, 167) 87
(158, 212, 170) 12
(153, 211, 167) 88
(238, 137, 137) 89
(238, 138, 138) 87
(239, 148, 148) 13
(113, 193, 131) 19
(229, 79, 79) 11
(98, 186, 119) 23
(239, 145, 145) 12
(105, 189, 125) 11
(130, 200, 146) 11
(233, 101, 101) 12
(231, 90, 90) 15
(169, 217, 180) 11
(194, 228, 202) 19
(243, 175, 175) 13
(242, 164, 164) 19
(229, 73, 73) 20
(124, 198, 141) 24
(236, 125, 125) 21
(152, 210, 166) 11
(200, 231, 207) 10
(238, 136, 136) 12
(167, 217, 179) 10
(121, 197, 139) 14
(233, 100, 100) 17
(237, 130, 130) 11
(139, 204, 154) 10
(239, 143, 143) 10
(138, 204, 153) 20
(234, 110, 110) 16
(235, 119, 119) 20
(205, 17, 37) 3120
(221, 95, 109) 120
(1, 123, 61) 116
(103, 176, 139) 35
(120, 185, 152) 10
(193, 223, 208) 14
(177, 215, 196) 12
(180, 216, 198) 13
(22, 155, 98) 2400
(255, 136, 62) 2400
(39, 86, 195) 242
(0, 56, 184) 3150
(63, 105, 202) 240
(17, 69, 189) 42
(1, 57, 184) 10
(238, 242, 250) 22
(247, 127, 0) 3200
(255, 184, 28) 2608
(212, 153, 23) 10
(2, 1, 0) 52
(77, 56, 8) 45
(206, 149, 23) 45
(213, 174, 35) 46
(94, 143, 56) 46
(3, 120, 72) 46
(0, 119, 73) 5056
(2, 119, 72) 50
(77, 139, 59) 46
(206, 172, 37) 46
(213, 154, 23) 45
(94, 68, 10) 45
(158, 41, 43) 19
(0, 122, 61) 6365
(55, 94, 55) 19
(217, 72, 88) 12
(242, 192, 197) 13
(0, 171, 194) 6074
(2, 172, 192) 14
(1, 171, 193) 17
(167, 214, 96) 11
(188, 219, 84) 10
(170, 214, 95) 15
(180, 217, 89) 11
(255, 236, 45) 181
(0, 102, 0) 8003
(0, 100, 0) 1786
(221, 128, 128) 68
(200, 16, 16) 3036
(24, 48, 112) 1344
(155, 166, 193) 10
(29, 53, 115) 12
(245, 246, 249) 14
(33, 56, 118) 13
(95, 111, 156) 12
(46, 67, 125) 12
(231, 234, 240) 12
(25, 49, 113) 15
(164, 173, 198) 17
(206, 211, 225) 10
(72, 91, 142) 10
(135, 148, 181) 11
(67, 87, 139) 10
(248, 208, 0) 219
(244, 245, 248) 2882
(2, 79, 162) 2400
(249, 179, 183) 241
(237, 28, 39) 3851
(255, 251, 251) 17
(255, 250, 250) 12
(253, 235, 236) 13
(254, 244, 245) 11
(0, 71, 160) 556
(205, 46, 58) 554
(0, 36, 18) 10
(0, 110, 55) 10
(0, 8, 4) 10
(0, 73, 37) 10
(255, 30, 0) 12
(255, 1, 0) 15
(255, 31, 0) 10
(255, 2, 0) 18
(255, 223, 0) 2402
(255, 252, 0) 23
(255, 3, 0) 11
(255, 215, 0) 381
(255, 249, 0) 11
(255, 204, 0) 3271
(255, 218, 0) 10
(255, 224, 0) 7208
(255, 211, 0) 372
(255, 70, 0) 10
(255, 251, 0) 13
(255, 210, 0) 3380
(255, 213, 0) 7208
(0, 40, 104) 4606
(235, 238, 243) 10
(158, 48, 57) 5760
(0, 166, 81) 445
(0, 154, 68) 2880
(93, 118, 159) 28
(214, 99, 123) 211
(191, 10, 48) 3165
(249, 234, 237) 211
(243, 211, 218) 211
(220, 121, 142) 211
(209, 77, 105) 211
(55, 31, 88) 15
(231, 0, 19) 10326
(35, 158, 70) 1800
(0, 43, 127) 15023
(255, 216, 61) 26
(171, 145, 41) 15
(253, 185, 19) 2880
(0, 106, 68) 2880
(193, 39, 45) 12026
(237, 41, 57) 7259
(0, 161, 222) 2880
(252, 61, 50) 3200
(0, 126, 58) 6214
(102, 112, 49) 120
(51, 158, 53) 3120
(76, 6, 14) 31
(0, 0, 102) 1598
(146, 0, 29) 60
(226, 108, 108) 240
(248, 218, 218) 360
(218, 72, 72) 180
(1, 1, 102) 10
(240, 181, 181) 120
(233, 145, 145) 120
(211, 35, 35) 120
(20, 181, 58) 3200
(239, 177, 184) 16
(212, 210, 210) 32
(239, 176, 183) 17
(207, 20, 43) 7920
(221, 117, 0) 640
(170, 189, 219) 10
(6, 61, 150) 10
(153, 175, 212) 12
(1, 56, 146) 13
(208, 28, 31) 3840
(0, 169, 92) 5115
(1, 169, 92) 11
(68, 181, 67) 12
(234, 40, 57) 5307
(26, 32, 109) 2400
(0, 165, 81) 2400
(0, 104, 71) 2760
(117, 178, 221) 7272
(163, 204, 232) 10
(0, 70, 174) 2407
(192, 158, 0) 32
(132, 94, 68) 20
(117, 84, 61) 15
(157, 113, 81) 20
(136, 97, 70) 19
(123, 82, 27) 10
(200, 165, 0) 11
(218, 32, 49) 4251
(0, 102, 178) 2400
(233, 181, 40) 1067
(227, 6, 19) 5262
(97, 141, 51) 14
(154, 51, 46) 32
(0, 98, 51) 116
(2, 97, 51) 12
(51, 82, 49) 20
(191, 40, 45) 11
(0, 113, 104) 2562
(252, 225, 0) 2639
(232, 127, 24) 11
(186, 194, 17) 110
(52, 178, 51) 2324
(174, 86, 55) 92
(106, 199, 105) 40
(252, 228, 230) 10
(253, 236, 237) 10
(0, 53, 128) 2594
(85, 120, 170) 31
(240, 175, 187) 34
(23, 71, 139) 32
(235, 239, 245) 31
(173, 190, 214) 32
(224, 93, 117) 34
(223, 86, 112) 33
(237, 159, 174) 35
(181, 224, 200) 32
(239, 248, 243) 31
(27, 160, 87) 32
(102, 191, 142) 31
(128, 120, 78) 238
(255, 198, 30) 480
(1, 44, 127) 20
(2, 45, 128) 10
(0, 56, 148) 14
(0, 55, 147) 11
(103, 39, 106) 192
(220, 20, 60) 3840
(0, 57, 147) 10
(3, 55, 146) 15
(0, 64, 128) 11
(254, 247, 248) 14
(132, 34, 95) 60
(0, 53, 150) 60
(0, 55, 148) 12
(0, 0, 255) 2365
(0, 56, 146) 13
(2, 56, 146) 12
(0, 0, 128) 14
(174, 28, 40) 3120
(201, 103, 111) 120
(107, 132, 178) 120
(33, 70, 139) 3120
(0, 103, 198) 5760
(224, 82, 6) 4692
(245, 197, 172) 120
(175, 229, 185) 120
(13, 176, 43) 4080
(223, 80, 40) 11
(216, 33, 38) 4437
(247, 227, 46) 16
(248, 233, 46) 1886
(246, 224, 46) 12
(244, 206, 45) 13
(243, 201, 45) 12
(237, 166, 44) 17
(236, 162, 44) 10
(224, 86, 40) 13
(234, 146, 42) 21
(231, 127, 41) 21
(227, 107, 41) 14
(216, 34, 38) 15
(221, 65, 39) 16
(219, 47, 38) 17
(218, 42, 38) 10
(216, 35, 38) 14
(227, 100, 40) 16
(217, 37, 38) 14
(248, 232, 46) 17
(229, 113, 41) 14
(217, 38, 38) 11
(230, 120, 41) 15
(219, 55, 39) 12
(245, 219, 46) 11
(232, 133, 42) 14
(233, 139, 43) 17
(248, 231, 46) 14
(235, 153, 43) 14
(237, 160, 43) 14
(248, 230, 45) 13
(243, 200, 44) 10
(220, 60, 39) 11
(186, 12, 47) 6208
(212, 103, 125) 194
(15, 45, 101) 216
(0, 32, 91) 1860
(205, 79, 104) 64
(46, 72, 121) 76
(232, 235, 240) 76
(224, 145, 161) 64
(223, 26, 35) 3822
(0, 126, 60) 1600
(1, 65, 28) 6464
(0, 153, 255) 7338
(110, 197, 145) 196
(238, 43, 52) 15
(237, 46, 56) 1089
(7, 35, 87) 2496
(172, 182, 199) 15
(243, 176, 179) 15
(220, 29, 37) 163
(0, 56, 168) 8542
(217, 16, 35) 6400
(253, 231, 133) 10
(170, 189, 226) 196
(229, 176, 176) 10
(185, 115, 136) 10
(138, 21, 56) 3663
(0, 163, 224) 4428
(250, 210, 1) 2400
(32, 96, 61) 2400
(1, 163, 223) 13
(229, 190, 1) 26
(0, 151, 57) 6385
(47, 161, 46) 29
(153, 123, 0) 32
(5, 152, 56) 29
(207, 194, 11) 29
(223, 179, 0) 32
(12, 10, 0) 32
(119, 177, 30) 29
(66, 53, 0) 32
(250, 204, 1) 29
(136, 109, 0) 32
(59, 47, 0) 32
(218, 175, 0) 32
(246, 173, 8) 30
(254, 202, 1) 30
(211, 56, 36) 29
(229, 116, 21) 29
(202, 22, 45) 29
(102, 204, 255) 6135
(212, 207, 84) 34
(0, 38, 116) 2400
(252, 208, 34) 4099
(0, 124, 46) 2870
(94, 182, 228) 4598
(101, 141, 92) 12
(217, 159, 49) 21
(143, 192, 219) 20
(137, 186, 213) 12
(149, 196, 225) 10
(160, 207, 235) 31
(127, 97, 61) 17
(119, 101, 61) 16
(219, 200, 8) 204
(246, 125, 34) 12
(247, 130, 32) 12
(204, 167, 0) 26
(0, 84, 48) 8545
(5, 87, 52) 11
(14, 93, 59) 10
(3, 86, 50) 10
(2, 85, 50) 12
(60, 124, 97) 12
(102, 152, 131) 42
(221, 232, 227) 39
(1, 85, 49) 14
(0, 133, 63) 3352
(253, 239, 66) 2952
(227, 27, 35) 3200
(198, 54, 60) 2894
(136, 57, 79) 89
(12, 64, 118) 2314
(190, 204, 218) 89
(84, 104, 140) 24
(173, 96, 110) 11
(231, 232, 231) 22
(201, 123, 125) 11
(190, 98, 108) 12
(0, 61, 136) 1160
(20, 73, 132) 20
(168, 165, 102) 19
(251, 210, 83) 20
(223, 66, 44) 20
(230, 203, 90) 19
(252, 217, 85) 1102
(231, 107, 55) 20
(223, 70, 71) 39
(110, 179, 142) 20
(239, 150, 67) 19
(217, 34, 35) 2282
(236, 144, 145) 39
(68, 157, 110) 20
(246, 188, 77) 19
(219, 42, 37) 19
(249, 219, 219) 39
(25, 135, 76) 20
(238, 246, 242) 19
(0, 122, 57) 1140
(195, 224, 208) 19
(153, 202, 176) 19
(30, 181, 58) 8130
(104, 205, 123) 120
(85, 161, 217) 120
(253, 237, 238) 12
(174, 196, 224) 86
(11, 78, 162) 2426
(164, 45, 78) 96
(245, 121, 127) 21
(0, 81, 186) 2872
(59, 111, 147) 56
(187, 176, 64) 56
(203, 182, 28) 56
(99, 127, 43) 56
(33, 91, 51) 3192
(65, 137, 221) 9109
(242, 247, 253) 25
(241, 181, 30) 30
(85, 61, 9) 24
(102, 145, 55) 30
(235, 170, 26) 24
(23, 17, 3) 24
(1, 120, 73) 30
(184, 166, 40) 27
(173, 125, 19) 24
(29, 126, 68) 27
(25, 132, 91) 30
(177, 213, 199) 30
(85, 164, 134) 30
(237, 245, 242) 30
(246, 198, 195) 12
(181, 187, 221) 11
(227, 81, 71) 12
(239, 240, 248) 12
(27, 45, 149) 11
(224, 60, 49) 1963
(236, 138, 131) 12
(102, 114, 184) 12
(234, 125, 118) 56
(85, 98, 176) 56
(40, 153, 76) 88
(247, 183, 24) 2467
(0, 95, 86) 800
(111, 106, 43) 50
(223, 117, 0) 800
(148, 30, 50) 2140
(145, 29, 49) 11
(147, 30, 50) 17
(146, 30, 49) 15
(246, 183, 24) 11
(246, 182, 24) 12
(197, 106, 37) 50
(0, 114, 41) 1140
(55, 126, 63) 3840
(180, 10, 45) 3476
(202, 86, 39) 20
(236, 200, 29) 224
(255, 128, 128) 88
(255, 64, 64) 200
(170, 211, 190) 30
(219, 233, 219) 120
(104, 191, 46) 31
(50, 184, 55) 29
(235, 206, 24) 31
(182, 200, 33) 29
(81, 67, 7) 33
(73, 61, 6) 33
(236, 206, 35) 31
(101, 182, 142) 31
(180, 196, 79) 29
(0, 163, 221) 2730
(28, 168, 199) 29
(165, 25, 49) 3120
(218, 172, 182) 240
(178, 177, 190) 240
(45, 42, 74) 3120
(237, 130, 21) 44
(51, 126, 62) 195
(105, 61, 65) 28
(232, 111, 26) 14
(154, 166, 31) 150
(239, 191, 191) 24
(208, 63, 63) 56
(237, 141, 154) 10
(236, 56, 71) 15
(227, 10, 23) 11228
(239, 115, 122) 16
(243, 151, 157) 11
(227, 13, 26) 10
(0, 132, 61) 7686
(127, 75, 53) 38
(210, 38, 48) 307
(0, 156, 222) 4899
(152, 195, 89) 20
(6, 157, 217) 11
(2, 157, 220) 16
(34, 164, 192) 24
(250, 220, 3) 15
(169, 148, 3) 240
(252, 220, 4) 2881
(240, 147, 3) 240
(0, 91, 187) 4800
(0, 115, 47) 1800
(14, 38, 99) 48
(239, 200, 210) 192
(187, 19, 62) 2520
(213, 109, 135) 192
(218, 127, 151) 192
(234, 182, 195) 192
(197, 54, 91) 192
(15, 51, 109) 12
(1, 39, 101) 39
(2, 40, 101) 29
(3, 41, 102) 31
(22, 57, 113) 10
(4, 41, 102) 20
(11, 47, 107) 17
(8, 45, 105) 19
(13, 49, 108) 11
(6, 43, 104) 21
(10, 47, 106) 11
(63, 92, 138) 12
(192, 37, 76) 144
(113, 144, 207) 211
(56, 100, 187) 195
(227, 233, 245) 195
(123, 63, 0) 18
(0, 153, 181) 2117
(166, 44, 66) 120
(236, 161, 169) 240
(172, 49, 42) 120
(253, 206, 18) 547
(152, 124, 11) 10
(169, 137, 12) 11
(135, 110, 10) 14
(118, 96, 8) 10
(84, 69, 6) 12
(101, 82, 7) 10
(227, 185, 16) 125
(117, 9, 29) 61
(0, 83, 37) 61
(206, 157, 9) 17
(171, 149, 41) 120
(0, 36, 125) 2896
(138, 25, 71) 120
(1, 37, 126) 10
(218, 37, 29) 8846
(233, 124, 17) 32
(25, 138, 0) 7059
(194, 47, 14) 51
(109, 93, 7) 13
(222, 32, 16) 663
(239, 125, 0) 730
(95, 14, 7) 51
(14, 79, 0) 13
(68, 36, 0) 51
(116, 132, 0) 14
(226, 85, 85) 16
(212, 0, 0) 1281
(110, 148, 0) 210
(218, 30, 0) 186
(200, 49, 42) 921
(165, 86, 63) 45
(73, 182, 117) 194
(0, 153, 62) 2910
(37, 168, 90) 194
(121, 91, 50) 15
(85, 119, 192) 20
(242, 171, 177) 20
(171, 188, 224) 20
(251, 226, 171) 20
(230, 85, 97) 20
(246, 197, 85) 20
(36, 74, 165) 8809
(37, 75, 165) 11
(51, 86, 171) 12
(208, 166, 80) 969
(196, 17, 27) 1175
(0, 109, 33) 1771
(1, 110, 34) 10
(0, 0, 149) 1928
(31, 31, 162) 14
(222, 222, 241) 13
(114, 71, 54) 240
(6, 142, 107) 1680
