(255, 255, 255) 285678
(253, 253, 254) 1747
(200, 172, 169) 510
(197, 201, 199) 1035
(216, 220, 214) 1836
(146, 149, 145) 328
(255, 244, 242) 4908
(149, 163, 166) 251
(54, 55, 55) 207
(125, 127, 124) 441
(122, 104, 127) 45
(83, 98, 103) 1020
(7, 13, 13) 601
(151, 138, 132) 153
(168, 164, 149) 184
(89, 101, 109) 195
(60, 65, 66) 287
(0, 0, 0) 87823
(52, 56, 55) 84
(27, 36, 49) 388
(236, 45, 1) 5306
(217, 84, 77) 197
(242, 158, 142) 295
(219, 88, 86) 530
(239, 64, 38) 24718
(217, 155, 130) 58
(222, 126, 93) 198
(254, 123, 124) 335
(255, 177, 154) 77
(4, 130, 67) 51395
(254, 0, 2) 56919
(229, 0, 0) 49316
(169, 3, 8) 5718
(75, 1, 1) 93
(29, 2, 0) 170
(152, 0, 2) 208
(190, 1, 25) 27105
(119, 0, 1) 11
(65, 2, 0) 13
(10, 95, 56) 20780
(207, 2, 52) 150555
(213, 23, 78) 19569
(255, 207, 220) 268
(5, 4, 170) 3192
(166, 129, 76) 84
(255, 218, 3) 61564
(178, 153, 110) 26
(172, 147, 98) 14
(201, 174, 116) 15
(220, 77, 1) 4702
(255, 243, 154) 21
(239, 180, 53) 1149
(204, 173, 96) 56
(251, 125, 7) 4070
(252, 192, 6) 11621
(157, 2, 22) 161
(123, 3, 35) 120
(192, 2, 47) 40975
(1, 84, 130) 20
(4, 133, 209) 13992
(76, 144, 133) 48
(68, 142, 228) 17056
(255, 209, 223) 500
(211, 73, 78) 343
(212, 106, 126) 891
(222, 157, 172) 541
(254, 198, 21) 37516
(219, 180, 12) 294
(148, 119, 6) 47
(174, 139, 12) 47
(117, 187, 253) 32018
(254, 178, 9) 48
(1, 65, 130) 47249
(252, 176, 1) 4380
(253, 70, 89) 32
(247, 2, 42) 33384
(157, 188, 212) 843
(4, 46, 96) 36950
(253, 193, 197) 211
(241, 12, 69) 36
(10, 67, 122) 4829
(247, 135, 154) 25
(137, 160, 176) 179
(255, 197, 203) 306
(253, 121, 143) 15
(30, 72, 143) 5802
(91, 124, 153) 50
(207, 98, 117) 1078
(6, 177, 196) 8558
(251, 41, 67) 23940
(92, 172, 45) 2400
(1, 123, 146) 4056
(96, 70, 15) 89
(213, 171, 9) 174
(244, 50, 12) 25641
(253, 176, 192) 854
(4, 92, 90) 11336
(253, 185, 21) 8101
(196, 66, 64) 6860
(205, 117, 132) 123
(255, 223, 34) 15263
(56, 2, 130) 240
(12, 23, 147) 34279
(255, 171, 15) 15
(249, 115, 6) 3678
(255, 148, 8) 255
(242, 171, 21) 222
(254, 223, 8) 4820
(172, 187, 13) 120
(238, 207, 254) 12
(214, 255, 250) 207
(175, 136, 74) 59
(101, 140, 187) 7826
(255, 255, 228) 56
(60, 0, 8) 156
(140, 0, 15) 43
(104, 0, 24) 35
(16, 166, 116) 2880
(1, 160, 73) 23856
(81, 183, 59) 4620
(166, 200, 117) 40
(188, 236, 172) 175
(111, 194, 118) 533
(213, 138, 148) 96
(231, 142, 165) 167
(155, 229, 170) 235
(176, 5, 75) 240
(192, 115, 122) 35
(1, 115, 113) 7949
(203, 119, 35) 153
(133, 163, 178) 316
(67, 107, 173) 3800
(42, 126, 25) 5120
(245, 191, 3) 36
(33, 56, 171) 33910
(255, 253, 1) 2575
(0, 147, 55) 25729
(13, 117, 248) 7083
(90, 134, 173) 35
(221, 214, 24) 320
(143, 182, 123) 33
(113, 159, 145) 52
(169, 190, 112) 21
(117, 184, 79) 178
(253, 220, 92) 4245
(240, 131, 58) 214
(254, 169, 147) 26
(254, 130, 140) 212
(255, 154, 138) 27
(225, 119, 1) 2250
(82, 101, 37) 10
(90, 125, 154) 20
(108, 52, 97) 212
(38, 83, 141) 32
(33, 71, 97) 33
(153, 15, 75) 20
(2, 171, 46) 10642
(136, 151, 23) 124
(127, 95, 0) 120
(150, 174, 141) 124
(155, 95, 192) 10
(52, 28, 2) 20
(142, 118, 24) 20
(255, 166, 43) 94
(1, 103, 149) 10965
(81, 101, 114) 21
(73, 132, 184) 358
(8, 148, 4) 7075
(65, 156, 3) 2847
(255, 97, 99) 128
(160, 54, 35) 149
(168, 65, 91) 126
(131, 101, 57) 77
(128, 91, 135) 30
(99, 139, 39) 147
(1, 21, 62) 120
(198, 156, 4) 71
(183, 148, 0) 20
(185, 105, 2) 32
(208, 193, 1) 22
(159, 35, 5) 20
(101, 141, 109) 16
(194, 190, 14) 178
(107, 124, 133) 16
(199, 71, 103) 315
(79, 115, 142) 44
(80, 123, 156) 66
(118, 66, 78) 105
(1, 56, 106) 9969
(55, 120, 191) 3840
(118, 169, 115) 120
(255, 71, 76) 224
(255, 121, 108) 44
(16, 122, 176) 9692
(183, 201, 226) 480
(44, 111, 187) 390
(17, 135, 93) 5030
(105, 157, 76) 10
(113, 170, 52) 10
(144, 177, 52) 10
(205, 89, 9) 29
(230, 242, 162) 24
(57, 173, 72) 17844
(251, 238, 172) 23
(65, 25, 0) 20
(127, 43, 10) 20
(255, 249, 208) 42
(175, 111, 9) 20
(251, 221, 126) 35
(255, 252, 196) 20
(183, 225, 161) 22
(84, 172, 104) 22
(252, 225, 102) 22
(156, 109, 87) 22
(2, 216, 233) 4820
(89, 133, 86) 2412
(246, 104, 142) 76
(130, 203, 178) 49
(101, 171, 124) 66
(30, 145, 103) 2432
(253, 141, 73) 2400
(34, 66, 199) 3156
(203, 157, 6) 117
(55, 62, 2) 142
(101, 139, 56) 90
(84, 141, 68) 46
(158, 54, 35) 5811
(43, 93, 52) 5631
(164, 190, 92) 86
(203, 248, 95) 10
(2, 89, 15) 11560
(202, 123, 128) 79
(71, 95, 148) 10
(59, 91, 146) 10
(0, 45, 4) 10
(5, 71, 42) 8616
(254, 75, 3) 10
(209, 118, 143) 211
(31, 9, 84) 15
(244, 208, 84) 85
(181, 148, 16) 15
(187, 63, 63) 12037
(6, 154, 243) 22304
(250, 66, 36) 3200
(101, 116, 50) 120
(3, 7, 100) 1608
(1, 180, 76) 5126
(135, 95, 66) 54
(157, 118, 81) 20
(127, 78, 30) 48
(3, 113, 156) 2400
(162, 101, 62) 137
(86, 132, 174) 31
(127, 112, 83) 238
(117, 25, 115) 60
(8, 4, 249) 2365
(4, 2, 115) 14
(171, 18, 57) 11063
(255, 216, 177) 120
(46, 90, 136) 76
(10, 72, 30) 6464
(174, 113, 129) 10
(140, 0, 52) 3663
(155, 122, 1) 32
(205, 197, 10) 29
(135, 169, 34) 29
(136, 104, 6) 46
(238, 220, 91) 34
(216, 134, 59) 21
(162, 207, 254) 31
(210, 189, 10) 204
(201, 176, 3) 26
(79, 145, 83) 12
(94, 155, 138) 72
(241, 243, 63) 2952
(186, 104, 115) 23
(21, 80, 132) 20
(170, 166, 98) 19
(240, 148, 77) 19
(64, 163, 104) 20
(253, 177, 71) 19
(59, 113, 159) 56
(198, 159, 89) 1025
(102, 126, 44) 56
(162, 164, 21) 147
(172, 126, 4) 24
(40, 124, 55) 4062
(111, 118, 50) 50
(182, 99, 37) 20
(110, 203, 60) 31
(164, 191, 32) 29
(84, 78, 3) 45
(31, 59, 77) 3120
(103, 58, 63) 28
(148, 166, 23) 150
(254, 47, 74) 15
(171, 144, 4) 240
(213, 134, 157) 192
(203, 65, 107) 192
(59, 99, 140) 12
(139, 49, 3) 18
(1, 136, 159) 2117
(123, 88, 4) 10
(100, 84, 3) 10
(146, 10, 78) 120
(175, 47, 13) 51
(105, 96, 6) 13
(110, 16, 5) 51
(11, 85, 9) 13
(61, 28, 2) 51
(116, 133, 0) 14
(114, 143, 2) 210
(72, 192, 114) 194
(43, 175, 106) 194
(255, 229, 173) 20
(39, 106, 179) 12
(3, 10, 167) 1928
(228, 203, 255) 13
(107, 66, 71) 240
